     0/299      7.4G      4.83      7.15      2.63      14.6        28       512     0.232     0.459     0.271     0.308      4.31      1.79      1.51
     1/299      7.4G      3.79      1.91      1.11      6.82        13       512      0.33     0.649     0.468     0.435      3.54      1.44      1.09
     2/299      7.4G      3.36      1.72     0.849      5.93        11       512     0.401     0.643     0.504     0.493      3.18      1.38      1.09
     3/299      7.4G      3.05      1.66     0.799      5.51         8       512     0.478     0.641     0.484     0.543      2.94       1.3      1.06
     4/299      7.4G      2.85      1.54      0.73      5.11        14       512     0.486     0.629     0.517     0.547      2.98       1.3      1.11
     5/299      7.4G      2.73      1.45     0.634      4.82        15       512     0.532     0.648     0.536     0.578      2.87      1.14      1.05
     6/299      7.4G      2.62      1.38     0.602       4.6        12       512     0.528     0.661      0.55     0.583      2.82      1.17      1.08
     7/299      7.4G      2.59      1.37      0.61      4.57         9       512     0.491     0.666     0.526     0.563      2.77       1.2      1.16
     8/299      7.4G      2.53      1.35     0.499      4.38        11       512     0.542     0.661     0.533     0.587       2.8      1.22      1.08
     9/299      7.4G      2.51      1.32     0.502      4.33        11       512     0.527     0.666     0.529     0.585       2.8      1.21      1.13
    10/299      7.4G      2.47      1.37       0.5      4.33         7       512     0.525     0.665     0.551     0.585      2.72      1.18      1.11
    11/299      7.4G      2.43       1.3     0.447      4.17         9       512       0.5     0.661      0.53     0.569      2.78      1.17      1.17
    12/299      7.4G      2.44       1.3     0.454       4.2         7       512     0.544     0.647     0.529     0.588      2.73      1.22      1.24
    13/299      7.4G      2.39      1.28     0.407      4.08        18       512     0.544     0.632      0.53     0.585       2.7      1.21       1.2
    14/299      7.4G      2.34      1.28     0.401      4.01        10       512     0.537     0.655     0.541      0.59      2.72      1.19      1.16
    15/299      7.4G      2.32      1.25     0.366      3.94        13       512     0.568     0.646     0.548     0.604      2.72      1.26      1.18
    16/299      7.4G      2.32      1.25     0.367      3.94        13       512     0.545     0.666     0.529     0.597      2.73       1.2      1.21
    17/299      7.4G       2.3      1.25     0.365      3.92        20       512     0.524      0.66     0.538     0.584      2.74      1.23      1.28
    18/299      7.4G      2.28      1.24     0.345      3.86        12       512     0.503     0.674     0.534     0.575      2.73       1.2      1.27
    19/299      7.4G      2.25      1.24     0.328      3.82         7       512     0.493     0.657     0.528      0.56       2.7      1.22      1.35
    20/299      7.4G      2.24      1.22     0.354      3.82        19       512     0.517     0.672     0.536     0.583      2.75      1.24      1.42
    21/299      7.4G      2.22      1.22     0.296      3.74         4       512     0.535     0.647     0.541     0.585      2.71      1.22      1.27
    22/299      7.4G      2.23       1.2     0.308      3.74         5       512     0.534     0.676      0.54     0.595      2.73      1.22      1.24
    23/299      7.4G      2.18      1.23     0.285      3.69         9       512     0.519     0.677     0.542     0.586      2.69      1.22      1.26
    24/299      7.4G      2.19      1.19     0.271      3.65        37       512     0.521     0.668     0.528     0.585      2.72      1.25      1.29
    25/299      7.4G      2.16      1.16     0.287      3.61         9       512     0.544     0.649     0.533     0.592      2.72      1.25      1.39
    26/299      7.4G      2.12      1.14     0.258      3.52        13       512     0.565     0.656     0.538     0.606      2.72      1.24      1.34
    27/299      7.4G      2.13      1.16      0.28      3.57         6       512     0.543     0.646     0.542     0.587      2.73      1.23      1.34
    28/299      7.4G      2.12      1.17     0.263      3.55        17       512     0.534     0.664      0.53      0.59       2.7      1.26      1.42
    29/299      7.4G      2.13      1.15      0.26      3.54        14       512     0.537      0.66     0.524     0.591      2.77      1.28      1.38
    30/299      7.4G      2.08      1.16     0.244      3.49        15       512     0.558     0.644     0.536     0.598      2.72       1.3      1.32
    31/299      7.4G      2.05      1.13     0.221       3.4        10       512     0.532     0.661     0.527     0.589      2.77      1.26      1.42
    32/299      7.4G      2.07      1.12     0.234      3.42         9       512     0.544     0.668     0.541     0.597      2.72      1.27      1.42
    33/299      7.4G      2.06      1.12     0.226       3.4         7       512     0.557     0.664      0.55     0.605      2.72      1.24      1.34
    34/299      7.4G      2.04      1.11     0.235      3.39         8       512     0.529     0.674     0.544     0.593       2.7      1.31      1.36
    35/299      7.4G      2.02       1.1     0.224      3.34        16       512     0.562     0.671     0.546      0.61      2.68      1.27       1.4
    36/299      7.4G         2      1.05     0.196      3.25         7       512     0.569     0.655     0.542     0.608      2.77      1.36       1.3
    37/299      7.4G      1.98      1.07      0.22      3.27         7       512     0.567      0.65     0.543     0.605      2.71       1.3      1.37
    38/299      7.4G      1.98      1.08     0.199      3.25        13       512     0.541     0.662     0.532     0.595      2.74      1.29      1.39
    39/299      7.4G      1.97      1.09     0.211      3.27        15       512     0.522     0.653     0.527     0.579      2.69      1.35       1.4
    40/299      7.4G      1.96      1.08     0.193      3.23        11       512     0.558      0.66     0.541     0.604      2.69      1.31      1.46
    41/299      7.4G      1.94      1.07     0.198      3.21        30       512     0.547      0.66     0.531     0.597      2.69      1.34      1.32
    42/299      7.4G      1.96      1.06     0.193      3.21        13       512     0.534     0.673      0.54     0.595       2.7      1.38      1.47
    43/299      7.4G      1.93      1.08     0.198      3.21        21       512     0.563      0.65     0.534     0.602       2.7      1.34       1.4
    44/299      7.4G      1.95      1.09     0.229      3.27         9       512     0.557     0.679     0.543     0.611      2.72      1.33      1.33
    45/299      7.4G      1.95       1.1     0.241      3.29        30       512     0.573     0.661     0.552     0.613      2.67      1.32      1.35
    46/299      7.4G      1.91      1.06     0.196      3.16         9       512     0.555     0.656     0.542     0.601      2.73      1.33      1.32
    47/299      7.4G      1.94      1.05     0.211       3.2        29       512     0.565     0.667     0.553     0.611      2.72      1.35      1.28
    48/299      7.4G      1.89      1.07     0.183      3.14        22       512     0.566     0.667     0.549     0.612      2.72      1.34      1.34
    49/299      7.4G      1.89      1.02     0.175      3.09        10       512      0.56     0.668     0.551     0.609      2.72      1.34      1.34
    50/299      7.4G      1.87      1.02     0.167      3.06        10       512     0.566     0.652     0.541     0.606      2.72      1.41      1.32
    51/299      7.4G      1.84      1.02     0.159      3.02        10       512     0.573     0.651     0.534     0.609      2.74       1.4      1.36
    52/299      7.4G      1.86         1     0.174      3.03         7       512     0.569     0.655     0.541     0.608      2.72       1.4      1.26
    53/299      7.4G      1.84      1.01     0.161      3.01         9       512     0.569     0.658     0.548      0.61      2.71      1.36      1.39
    54/299      7.4G      1.84      1.02     0.167      3.02         7       512     0.562     0.651     0.531     0.601      2.72      1.39      1.43
    55/299      7.4G      1.82      1.02     0.158         3        18       512     0.577     0.644     0.537     0.608       2.7      1.42      1.33
    56/299      7.4G      1.83      1.02     0.162      3.01        17       512     0.574     0.638     0.534     0.604      2.77       1.4      1.38
    57/299      7.4G      1.84      1.02     0.181      3.04         8       512     0.565     0.661      0.55     0.609      2.72      1.31      1.33
    58/299      7.4G      1.82      1.02     0.165         3        14       512     0.548     0.657     0.532     0.595      2.72      1.38      1.47
    59/299      7.4G       1.8     0.998     0.166      2.97        24       512     0.564     0.651     0.536     0.604      2.72      1.37      1.42
    60/299      7.4G       1.8     0.995      0.15      2.94        14       512     0.576     0.651     0.542      0.61      2.71       1.4      1.38
    61/299      7.4G      1.78     0.998     0.163      2.94        24       512     0.573     0.646     0.537     0.607      2.72      1.45      1.32
    62/299      7.4G      1.77     0.962     0.144      2.87         7       512     0.562     0.649     0.519     0.602      2.73      1.41      1.43
    63/299      7.4G      1.76     0.972     0.142      2.88        23       512     0.556     0.633     0.522     0.591      2.72      1.46      1.48
    64/299      7.4G      1.76     0.965      0.15      2.87        10       512     0.569     0.647     0.527     0.605      2.74      1.41       1.5
    65/299      7.4G      1.75     0.955     0.132      2.83        20       512      0.58     0.646     0.532      0.61      2.74      1.46      1.43
    66/299      7.4G      1.72     0.968     0.148      2.84        25       512     0.577     0.655      0.54     0.612      2.75      1.42      1.42
    67/299      7.4G      1.72     0.935     0.124      2.78        15       512     0.579     0.651     0.543     0.612      2.75      1.48      1.43
    68/299      7.4G      1.72     0.945     0.148      2.82        16       512     0.574     0.649     0.526     0.608      2.75      1.44      1.52
    69/299      7.4G      1.71      0.92     0.136      2.77         1       512     0.558     0.646     0.531     0.598      2.74      1.48      1.48
    70/299      7.4G      1.73     0.945     0.148      2.83        11       512     0.569     0.633     0.526     0.598      2.78      1.45      1.54
    71/299      7.4G      1.71      0.95     0.134      2.79         6       512     0.562     0.655     0.532     0.604      2.75      1.46      1.44
    72/299      7.4G       1.7      0.95     0.132      2.78        18       512     0.563     0.635     0.523     0.596      2.74      1.47       1.5
    73/299      7.4G      1.68     0.933     0.125      2.74        18       512     0.572     0.653     0.535     0.609      2.72      1.44      1.41
    74/299      7.4G       1.7     0.932     0.156      2.78         5       512     0.579      0.64      0.52     0.608      2.73      1.47      1.49
    75/299      7.4G       1.7     0.941     0.139      2.78        21       512     0.575     0.639     0.528     0.605      2.73      1.49       1.5
    76/299      7.4G      1.67     0.937     0.136      2.74        12       512     0.579     0.647     0.528      0.61      2.73      1.48      1.47
    77/299      7.4G      1.64     0.915      0.12      2.68        18       512     0.589     0.629     0.529     0.608      2.73      1.53      1.45
    78/299      7.4G      1.64       0.9     0.136      2.68        13       512     0.563     0.645     0.526       0.6      2.69      1.45      1.54
    79/299      7.4G      1.65     0.927     0.136      2.71        24       512     0.572     0.635      0.52     0.601      2.71      1.48       1.5
    80/299      7.4G      1.65     0.916     0.122      2.69        34       512     0.576     0.637     0.524     0.604      2.72      1.47      1.47
    81/299      7.4G      1.67     0.939     0.166      2.77        13       512     0.562     0.653     0.534     0.604       2.7      1.43      1.48
    82/299      7.4G      1.65     0.911      0.12      2.68         6       512      0.58     0.656     0.533     0.615      2.69      1.46      1.51
    83/299      7.4G      1.64     0.913     0.123      2.68         6       512      0.58     0.643     0.526     0.609      2.69      1.51      1.46
    84/299      7.4G      1.61     0.899     0.121      2.63         6       512     0.582     0.635     0.532     0.607       2.7      1.51      1.46
    85/299      7.4G      1.59       0.9     0.111       2.6        16       512     0.587      0.64     0.528     0.611      2.69      1.52      1.56
    86/299      7.4G      1.61     0.894     0.116      2.62        29       512     0.582     0.644      0.53     0.611      2.71       1.5      1.55
    87/299      7.4G       1.6     0.891     0.107      2.59         8       512     0.571     0.646     0.525     0.606      2.72      1.49      1.52
    88/299      7.4G      1.59     0.895     0.111      2.59        11       512     0.593     0.642     0.528     0.616      2.72      1.53       1.5
    89/299      7.4G      1.57      0.88     0.103      2.55        12       512     0.587     0.636     0.529      0.61      2.71      1.52      1.53
    90/299      7.4G      1.57     0.878      0.11      2.56        18       512     0.591     0.647      0.53     0.617      2.71      1.51      1.52
    91/299      7.4G      1.57     0.872     0.126      2.57        18       512     0.592     0.645      0.53     0.617      2.73      1.53      1.58
    92/299      7.4G      1.57     0.907     0.133      2.61        18       512     0.591     0.638     0.527     0.613      2.72      1.53      1.55
    93/299      7.4G      1.57     0.885     0.128      2.58        20       512     0.585     0.649     0.526     0.615      2.74      1.48      1.57
    94/299      7.4G      1.57      0.87     0.121      2.56         4       512     0.572     0.651      0.53     0.609      2.73      1.49      1.51
    95/299      7.4G      1.57      0.88     0.116      2.57        14       512     0.585     0.641     0.533     0.611      2.73      1.52      1.53
    96/299      7.4G      1.55     0.867     0.109      2.53        12       512     0.579     0.632     0.525     0.604      2.71      1.52      1.54
    97/299      7.4G      1.56     0.857     0.119      2.53        11       512     0.578     0.627     0.522     0.601       2.7       1.5      1.54
    98/299      7.4G      1.55     0.861     0.117      2.53         5       512     0.579     0.637     0.527     0.606       2.7      1.51      1.54
    99/299      7.4G      1.54     0.847     0.108      2.49        16       512     0.595     0.637     0.533     0.615      2.71      1.54      1.48
   100/299      7.4G      1.54     0.862     0.114      2.52         8       512       0.6     0.641     0.534     0.619      2.71      1.56      1.47
   101/299      7.4G      1.54     0.853     0.109       2.5         4       512     0.586     0.642     0.532     0.612      2.71      1.57      1.45
   102/299      7.4G      1.52     0.856     0.108      2.49        15       512     0.589     0.636     0.527     0.611      2.71      1.56      1.46
   103/299      7.4G       1.5     0.856     0.089      2.44        22       512     0.606     0.635     0.527     0.619      2.71      1.58       1.5
   104/299      7.4G       1.5     0.832     0.108      2.44        24       512     0.595     0.641     0.537     0.616      2.73      1.59      1.43
   105/299      7.4G      1.51     0.855     0.119      2.48        14       512     0.586     0.651     0.533     0.616       2.7      1.55      1.46
   106/299      7.4G      1.53     0.859     0.141      2.53         4       512     0.592     0.643     0.536     0.616      2.71      1.56      1.38
   107/299      7.4G      1.53     0.866     0.126      2.52        12       512     0.582      0.64     0.527     0.609      2.73      1.54      1.42
   108/299      7.4G      1.51     0.857     0.113      2.48         6       512     0.587     0.655     0.528     0.619      2.69      1.52      1.45
   109/299      7.4G      1.51     0.858     0.112      2.48        13       512     0.583     0.646     0.532     0.613      2.71      1.55      1.43
   110/299      7.4G      1.51     0.844     0.122      2.47        26       512     0.583     0.647     0.534     0.613      2.72      1.54      1.44
   111/299      7.4G       1.5     0.845     0.104      2.45         8       512     0.593     0.646     0.532     0.618      2.71      1.54      1.47
   112/299      7.4G       1.5      0.83    0.0991      2.43        12       512     0.602     0.647     0.537     0.623      2.69      1.54      1.47
   113/299      7.4G      1.48     0.829     0.105      2.42         6       512     0.594     0.648     0.532     0.619      2.69      1.56      1.44
   114/299      7.4G      1.47     0.818    0.0868      2.38        10       512     0.598      0.65     0.535     0.622      2.71      1.58      1.46
   115/299      7.4G      1.46     0.812    0.0984      2.37         9       512     0.593     0.645     0.529     0.618      2.72      1.59      1.48
   116/299      7.4G      1.45     0.805     0.093      2.35         8       512     0.588     0.637     0.528     0.611      2.71      1.58      1.49
   117/299      7.4G      1.44     0.797    0.0921      2.32         8       512      0.59     0.633      0.52      0.61      2.71       1.6      1.51
   118/299      7.4G      1.45     0.807     0.093      2.35         9       512     0.599     0.643     0.526     0.619       2.7      1.58      1.49
   119/299      7.4G      1.43     0.801    0.0969      2.33        11       512     0.607     0.633     0.524     0.619       2.7      1.61      1.49
   120/299      7.4G      1.42     0.795    0.0899       2.3        14       512     0.606     0.628     0.525     0.616      2.71       1.6      1.55
   121/299      7.4G      1.43     0.808    0.0839      2.32        14       512     0.597     0.628     0.525     0.611       2.7       1.6      1.58
   122/299      7.4G      1.42     0.793    0.0979      2.31        14       512     0.596     0.627     0.522     0.611       2.7      1.62      1.54
   123/299      7.4G       1.4     0.792     0.102      2.29         5       512     0.601     0.629     0.527     0.614      2.69      1.62      1.52
   124/299      7.4G       1.4     0.788    0.0879      2.27         8       512     0.601     0.627     0.524     0.613       2.7      1.62      1.52
   125/299      7.4G      1.39     0.786    0.0873      2.26         8       512     0.601     0.631     0.526     0.615      2.69      1.62      1.53
   126/299      7.4G      1.41     0.785    0.0964      2.29         6       512     0.603     0.635     0.526     0.618      2.69      1.63      1.56
   127/299      7.4G      1.43     0.802     0.111      2.34        28       512     0.591     0.638     0.526     0.613      2.69      1.62      1.56
   128/299      7.4G      1.41       0.8     0.102      2.31        21       512     0.595     0.641     0.529     0.616       2.7      1.64      1.55
   129/299      7.4G      1.38     0.786     0.114      2.28        12       512     0.593      0.63      0.53      0.61       2.7      1.63      1.55
   130/299      7.4G       1.4     0.807     0.111      2.32        11       512     0.593     0.632     0.529     0.611      2.69      1.63      1.51
   131/299      7.4G      1.39     0.777    0.0876      2.25        18       512     0.588     0.631     0.534     0.608      2.69      1.63      1.48
   132/299      7.4G      1.41     0.786     0.108      2.31        13       512     0.592      0.63      0.53      0.61       2.7      1.63      1.49
   133/299      7.4G      1.37     0.782    0.0831      2.24         8       512     0.597     0.632     0.532     0.613       2.7      1.64      1.51
   134/299      7.4G      1.34     0.772    0.0811       2.2        14       512       0.6     0.629     0.533     0.613       2.7      1.64      1.49
   135/299      7.4G      1.34     0.754    0.0842      2.18        29       512     0.599     0.629     0.532     0.613       2.7      1.65       1.5
   136/299      7.4G      1.34     0.757    0.0768      2.18        21       512     0.604     0.631     0.533     0.616       2.7      1.66      1.51
   137/299      7.4G      1.33     0.754    0.0731      2.16        19       512     0.606     0.628     0.534     0.616      2.71      1.67       1.5
   138/299      7.4G      1.33     0.746    0.0929      2.17         7       512     0.604     0.622     0.531     0.611       2.7      1.67      1.49
   139/299      7.4G      1.33     0.743    0.0793      2.16         6       512     0.592     0.618     0.529     0.604      2.71      1.67      1.48
   140/299      7.4G      1.33     0.752    0.0775      2.16        19       512     0.595     0.623      0.53     0.608      2.71      1.69      1.47
   141/299      7.4G      1.33     0.745    0.0833      2.16        14       512     0.599     0.622      0.53      0.61      2.71       1.7      1.48
   142/299      7.4G      1.32     0.757    0.0745      2.15        22       512     0.595     0.618     0.527     0.606      2.72      1.69      1.49
   143/299      7.4G       1.3      0.73    0.0822      2.11        12       512     0.597     0.616     0.529     0.606      2.72      1.69       1.5
   144/299      7.4G      1.28     0.721    0.0694      2.07         9       512     0.599     0.618     0.531     0.608      2.71       1.7       1.5
   145/299      7.4G      1.29     0.733    0.0712      2.09        13       512     0.604     0.623     0.532     0.612      2.71      1.71      1.51
   146/299      7.4G      1.29     0.745    0.0685      2.11         7       512     0.606     0.621     0.527     0.613       2.7      1.72      1.52
   147/299      7.4G      1.28     0.741    0.0683      2.09         7       512     0.606     0.618     0.525     0.611      2.69      1.72      1.54
   148/299      7.4G      1.36     0.769     0.122      2.25         9       512     0.602     0.624     0.528     0.612      2.68       1.7      1.56
   149/299      7.4G      1.31      0.75    0.0823      2.14        21       512     0.601     0.628     0.528     0.614      2.68      1.69      1.55
   150/299      7.4G       1.3     0.753    0.0769      2.13         8       512     0.601     0.627     0.528     0.613      2.68       1.7      1.56
   151/299      7.4G      1.29     0.726    0.0901      2.11        10       512       0.6     0.626     0.525     0.612      2.68      1.71      1.57
   152/299      7.4G      1.28     0.718    0.0767      2.08        12       512     0.602     0.623     0.526     0.612      2.68      1.71      1.56
   153/299      7.4G      1.27     0.738    0.0756      2.08        18       512     0.605     0.622     0.522     0.613      2.69      1.73      1.55
   154/299      7.4G      1.27     0.727    0.0892      2.09         5       512     0.606     0.623     0.523     0.613      2.69      1.74      1.54
   155/299      7.4G      1.26     0.716    0.0654      2.04        10       512     0.603     0.617     0.523     0.609      2.69      1.75      1.54
   156/299      7.4G      1.25     0.719    0.0737      2.04        19       512     0.601     0.615      0.52     0.607       2.7      1.75      1.53
   157/299      7.4G      1.24     0.701    0.0685      2.01        13       512     0.603     0.618     0.521     0.609       2.7      1.75      1.53
   158/299      7.4G      1.23     0.716     0.066      2.01        14       512     0.605     0.621     0.521     0.612       2.7      1.75      1.52
   159/299      7.4G      1.23     0.711    0.0696      2.01        18       512     0.605      0.62     0.523     0.611       2.7      1.75      1.51
   160/299      7.4G      1.22     0.708    0.0625      1.99        11       512     0.605     0.617     0.524      0.61       2.7      1.75      1.52
   161/299      7.4G      1.22     0.695    0.0636      1.98        26       512      0.61     0.618     0.524     0.613       2.7      1.75      1.53
   162/299      7.4G      1.21     0.692    0.0589      1.96        10       512     0.609      0.62     0.522     0.613      2.69      1.75      1.54
   163/299      7.4G      1.22     0.695    0.0603      1.97        13       512     0.609      0.62     0.519     0.613      2.69      1.75      1.55
   164/299      7.4G       1.2      0.69    0.0567      1.95         6       512     0.613     0.622      0.52     0.616      2.69      1.76      1.56
   165/299      7.4G      1.22     0.688    0.0623      1.97         9       512     0.619     0.625     0.519     0.621      2.69      1.76      1.57
   166/299      7.4G      1.19     0.675    0.0521      1.92         8       512     0.616     0.622     0.518     0.618      2.69      1.76      1.58
   167/299      7.4G       1.2     0.697    0.0703      1.97        10       512     0.616     0.623     0.517     0.618      2.69      1.76      1.57
   168/299      7.4G       1.2     0.702    0.0687      1.97        12       512     0.619     0.622     0.518     0.619      2.69      1.76      1.56
   169/299      7.4G      1.19     0.686     0.058      1.94         8       512     0.621     0.621     0.519      0.62      2.69      1.76      1.56
   170/299      7.4G      1.17     0.675    0.0664      1.91        11       512      0.62      0.62     0.519     0.619      2.69      1.77      1.55
   171/299      7.4G      1.16     0.668    0.0574      1.89        13       512     0.619     0.619     0.518     0.618      2.69      1.77      1.55
   172/299      7.4G      1.17     0.663    0.0543      1.89        22       512      0.62      0.62      0.52     0.619      2.69      1.78      1.55
   173/299      7.4G      1.16     0.659    0.0623      1.88        15       512     0.618     0.615      0.52     0.616      2.69      1.78      1.56
   174/299      7.4G      1.15     0.673    0.0584      1.89        23       512     0.618     0.613     0.519     0.614      2.69      1.78      1.56
   175/299      7.4G      1.15     0.662    0.0566      1.87         8       512     0.616     0.611     0.519     0.612      2.69      1.79      1.55
   176/299      7.4G      1.14     0.656    0.0503      1.84         4       512     0.619     0.614     0.521     0.616      2.69      1.79      1.56
   177/299      7.4G      1.15     0.657    0.0583      1.86        19       512     0.619     0.612     0.519     0.614      2.69      1.79      1.56
   178/299      7.4G      1.14     0.661    0.0552      1.85        14       512     0.619     0.611     0.519     0.614      2.69       1.8      1.56
   179/299      7.4G      1.14     0.644    0.0528      1.84        16       512     0.618     0.609     0.518     0.612      2.69       1.8      1.56
   180/299      7.4G      1.13     0.651    0.0517      1.83         8       512     0.617     0.608     0.516     0.612      2.69      1.81      1.56
   181/299      7.4G      1.12     0.647    0.0596      1.82        15       512     0.619      0.61     0.516     0.613      2.69      1.82      1.55
   182/299      7.4G      1.12      0.64    0.0547      1.82        15       512     0.621      0.61     0.516     0.615      2.69      1.82      1.56
   183/299      7.4G       1.1     0.638    0.0495      1.79        20       512     0.622     0.611     0.515     0.616      2.69      1.82      1.56
   184/299      7.4G      1.11      0.63    0.0501      1.79         6       512     0.623     0.612     0.517     0.616      2.69      1.83      1.56
   185/299      7.4G      1.11     0.646    0.0493       1.8        11       512     0.623     0.611     0.516     0.616      2.69      1.83      1.56
   186/299      7.4G       1.1      0.64    0.0453      1.78        15       512     0.624     0.611     0.516     0.616      2.69      1.83      1.56
   187/299      7.4G      1.09     0.639    0.0501      1.78        16       512     0.625     0.611     0.516     0.617      2.69      1.84      1.56
   188/299      7.4G      1.07     0.632    0.0436      1.75        10       512     0.628     0.611     0.515     0.618      2.69      1.84      1.56
   189/299      7.4G      1.09      0.63    0.0451      1.76        13       512     0.628     0.611     0.516     0.618      2.69      1.84      1.56
   190/299      7.4G      1.08     0.624    0.0455      1.75        19       512     0.629     0.612     0.517     0.619      2.69      1.85      1.56
   191/299      7.4G      1.07     0.631     0.048      1.75         3       512     0.629     0.612     0.517     0.619      2.69      1.85      1.56
   192/299      7.4G      1.07     0.609    0.0537      1.73        10       512     0.629     0.611     0.515     0.619      2.69      1.85      1.56
   193/299      7.4G      1.07     0.604    0.0466      1.72        13       512      0.63     0.612     0.516      0.62      2.69      1.85      1.56
   194/299      7.4G      1.06     0.618    0.0436      1.73        13       512     0.627     0.609     0.515     0.617      2.69      1.85      1.56
   195/299      7.4G      1.14     0.688    0.0663       1.9        16       512     0.627      0.61     0.516     0.617      2.69      1.86      1.57
   196/299      7.4G      1.15     0.674    0.0653      1.89         6       512     0.625      0.61     0.502     0.616      2.69      1.87      1.57
   197/299      7.4G       1.1     0.655     0.055      1.81         6       512     0.616     0.608     0.494     0.611      2.69       1.9      1.57
   198/299      7.4G      1.08     0.639    0.0534      1.77        17       512     0.618     0.609     0.499     0.612      2.69      1.88      1.56
   199/299      7.4G      1.08     0.634    0.0457      1.76        13       512     0.616     0.608     0.504     0.611      2.69      1.88      1.57
   200/299      7.4G      1.07     0.621    0.0514      1.74         8       512     0.616     0.608     0.506     0.611      2.69      1.87      1.57
   201/299      7.4G      1.05     0.624    0.0523      1.72         5       512     0.617     0.607     0.506     0.611      2.69      1.87      1.57
   202/299      7.4G      1.05     0.612    0.0434       1.7        17       512     0.622     0.608     0.508     0.613      2.69      1.87      1.58
   203/299      7.4G      1.04     0.609    0.0495       1.7         6       512     0.624     0.609     0.507     0.615      2.69      1.87      1.58
   204/299      7.4G      1.03     0.612    0.0472      1.69        11       512     0.623     0.606     0.506     0.613      2.69      1.87      1.58
   205/299      7.4G      1.03     0.603    0.0485      1.69        13       512     0.623     0.606     0.505     0.613      2.69      1.88      1.59
   206/299      7.4G      1.04     0.608    0.0467       1.7        21       512     0.623     0.606     0.505     0.613      2.69      1.87      1.59
   207/299      7.4G      1.03     0.605    0.0473      1.69         7       512     0.623     0.607     0.506     0.614      2.69      1.87      1.59
   208/299      7.4G      1.01     0.579    0.0426      1.63        18       512     0.624     0.605     0.506     0.613      2.69      1.87       1.6
   209/299      7.4G         1     0.596    0.0485      1.65        24       512     0.624     0.605     0.507     0.613      2.69      1.88       1.6
   210/299      7.4G      1.01     0.596    0.0455      1.65        24       512     0.623     0.604     0.507     0.612      2.69      1.88       1.6
   211/299      7.4G      1.01     0.611    0.0407      1.66        13       512     0.623     0.604     0.507     0.612       2.7      1.88      1.61
   212/299      7.4G     0.994     0.599    0.0376      1.63        13       512     0.624     0.604     0.507     0.612       2.7      1.88      1.61
   213/299      7.4G      1.01     0.584    0.0407      1.63        32       512     0.625     0.603     0.508     0.612       2.7      1.88      1.61
   214/299      7.4G     0.985     0.567    0.0394      1.59        14       512     0.626     0.604     0.508     0.613       2.7      1.88      1.61
   215/299      7.4G     0.982     0.586    0.0448      1.61         5       512     0.627     0.605     0.508     0.614       2.7      1.88      1.61
   216/299      7.4G     0.981     0.579    0.0425       1.6         6       512     0.628     0.605     0.508     0.615       2.7      1.88      1.61
   217/299      7.4G     0.979     0.569    0.0317      1.58        12       512     0.628     0.605     0.509     0.615       2.7      1.88      1.61
   218/299      7.4G     0.969     0.577      0.04      1.59        19       512     0.629     0.605     0.509     0.615       2.7      1.89      1.62
   219/299      7.4G      0.97     0.576    0.0363      1.58        19       512     0.629     0.605     0.509     0.615       2.7      1.89      1.62
   220/299      7.4G     0.955     0.555    0.0396      1.55         4       512      0.63     0.606     0.509     0.616       2.7      1.89      1.62
   221/299      7.4G     0.951     0.562     0.045      1.56        22       512     0.631     0.606     0.509     0.617       2.7       1.9      1.62
   222/299      7.4G     0.944     0.562    0.0419      1.55        13       512     0.631     0.604     0.509     0.616       2.7       1.9      1.62
   223/299      7.4G     0.946      0.56    0.0373      1.54        12       512      0.63     0.603     0.509     0.615       2.7       1.9      1.62
   224/299      7.4G     0.947     0.562    0.0321      1.54        12       512     0.631     0.602     0.509     0.615       2.7       1.9      1.62
   225/299      7.4G     0.952     0.566    0.0312      1.55        10       512     0.631     0.603     0.509     0.615       2.7      1.91      1.62
   226/299      7.4G     0.938     0.534    0.0408      1.51        10       512     0.631     0.603     0.509     0.616       2.7      1.91      1.62
   227/299      7.4G     0.931     0.542    0.0338      1.51        10       512     0.631     0.602     0.508     0.615       2.7      1.91      1.62
   228/299      7.4G     0.914      0.54    0.0305      1.48        10       512     0.631     0.602     0.508     0.615       2.7      1.91      1.62
   229/299      7.4G     0.926     0.551    0.0302      1.51         8       512     0.631     0.602     0.507     0.615       2.7      1.92      1.62
   230/299      7.4G     0.931     0.551    0.0372      1.52         6       512     0.632     0.602     0.508     0.615       2.7      1.92      1.62
   231/299      7.4G     0.921     0.541    0.0368       1.5         9       512     0.632     0.602     0.508     0.616       2.7      1.92      1.62
   232/299      7.4G     0.914     0.546    0.0394       1.5         8       512     0.632     0.601     0.508     0.615       2.7      1.93      1.62
   233/299      7.4G     0.924     0.549    0.0303       1.5        11       512      0.63       0.6     0.507     0.613       2.7      1.93      1.62
   234/299      7.4G     0.907     0.549    0.0358      1.49        22       512     0.629     0.599     0.506     0.612       2.7      1.93      1.62
   235/299      7.4G     0.893     0.535    0.0332      1.46         7       512      0.63     0.599     0.507     0.613       2.7      1.93      1.62
   236/299      7.4G     0.919     0.526    0.0335      1.48        17       512      0.63       0.6     0.507     0.613       2.7      1.94      1.62
   237/299      7.4G     0.896     0.525    0.0358      1.46        13       512     0.631       0.6     0.508     0.614       2.7      1.94      1.62
   238/299      7.4G     0.888     0.532    0.0319      1.45         3       512     0.631       0.6     0.508     0.614       2.7      1.94      1.62
   239/299      7.4G     0.892     0.528    0.0299      1.45        10       512     0.631     0.601     0.508     0.615       2.7      1.95      1.62
   240/299      7.4G      0.88     0.531    0.0294      1.44         7       512     0.631       0.6     0.507     0.614       2.7      1.95      1.62
   241/299      7.4G      0.89     0.515     0.032      1.44        15       512     0.632       0.6     0.507     0.614       2.7      1.95      1.62
   242/299      7.4G     0.873     0.521      0.03      1.42        16       512     0.631     0.598     0.506     0.613       2.7      1.95      1.62
   243/299      7.4G     0.871     0.514    0.0276      1.41        20       512     0.631     0.598     0.506     0.613       2.7      1.96      1.62
   244/299      7.4G     0.863     0.518    0.0322      1.41        13       512     0.631     0.598     0.506     0.613       2.7      1.96      1.62
   245/299      7.4G     0.867     0.517    0.0308      1.42        21       512     0.631     0.598     0.506     0.613       2.7      1.96      1.63
   246/299      7.4G     0.861     0.515    0.0294       1.4        35       512     0.631     0.598     0.505     0.613       2.7      1.96      1.63
   247/299      7.4G     0.865      0.51     0.026       1.4         6       512     0.631     0.598     0.506     0.613       2.7      1.96      1.63
   248/299      7.4G     0.856     0.508    0.0309       1.4         8       512     0.631     0.598     0.505     0.613       2.7      1.97      1.63
   249/299      7.4G     0.857     0.512      0.03       1.4        10       512     0.631     0.597     0.505     0.612       2.7      1.97      1.63
   250/299      7.4G     0.845     0.509    0.0273      1.38        11       512     0.632     0.597     0.506     0.613      2.71      1.97      1.63
   251/299      7.4G     0.857      0.52    0.0323      1.41         6       512     0.632     0.597     0.506     0.613      2.71      1.97      1.63
   252/299      7.4G     0.838     0.494    0.0284      1.36        20       512     0.632     0.596     0.506     0.612      2.71      1.98      1.63
   253/299      7.4G      0.87     0.518     0.031      1.42        47       512     0.632     0.596     0.506     0.612      2.71      1.98      1.63
   254/299      7.4G      0.84     0.502    0.0307      1.37         8       512     0.632     0.596     0.506     0.613      2.71      1.98      1.63
   255/299      7.4G     0.835     0.482    0.0297      1.35        10       512     0.632     0.596     0.506     0.612      2.71      1.98      1.63
   256/299      7.4G     0.831     0.493    0.0294      1.35        15       512     0.633     0.597     0.506     0.613      2.71      1.98      1.64
   257/299      7.4G     0.827     0.495     0.028      1.35        16       512     0.633     0.597     0.505     0.613      2.71      1.99      1.64
   258/299      7.4G     0.831     0.488    0.0255      1.34         4       512     0.633     0.596     0.504     0.613      2.71      1.99      1.64
   259/299      7.4G     0.823     0.484    0.0226      1.33        12       512     0.633     0.596     0.504     0.613      2.71      1.99      1.64
   260/299      7.4G     0.822     0.487    0.0312      1.34        26       512     0.634     0.597     0.506     0.614      2.71      1.99      1.64
   261/299      7.4G     0.824     0.496    0.0298      1.35        17       512     0.634     0.597     0.506     0.614      2.71      1.99      1.64
   262/299      7.4G     0.846     0.492    0.0343      1.37        22       512     0.634     0.597     0.506     0.614      2.71         2      1.64
   263/299      7.4G     0.826     0.499     0.025      1.35        20       512     0.634     0.596     0.506     0.613      2.71         2      1.64
   264/299      7.4G     0.806     0.481    0.0263      1.31        19       512     0.634     0.595     0.506     0.613      2.71         2      1.64
   265/299      7.4G     0.809     0.478    0.0292      1.32         1       512     0.634     0.595     0.506     0.613      2.71         2      1.64
   266/299      7.4G     0.823     0.482    0.0214      1.33         7       512     0.635     0.595     0.505     0.613      2.71      2.01      1.64
   267/299      7.4G     0.815     0.469    0.0274      1.31        12       512     0.636     0.595     0.505     0.614      2.71      2.01      1.65
   268/299      7.4G     0.814     0.491    0.0244      1.33        11       512     0.636     0.595     0.505     0.613      2.71      2.01      1.65
   269/299      7.4G     0.806      0.49    0.0291      1.32        11       512     0.636     0.595     0.505     0.614      2.71      2.01      1.65
   270/299      7.4G     0.823     0.488    0.0335      1.34         8       512     0.636     0.594     0.505     0.613      2.71      2.02      1.65
   271/299      7.4G       0.8     0.461    0.0261      1.29         6       512     0.636     0.594     0.505     0.613      2.71      2.02      1.65
   272/299      7.4G     0.804     0.484    0.0261      1.31         9       512     0.635     0.594     0.505     0.613      2.71      2.02      1.65
   273/299      7.4G     0.797     0.481     0.031      1.31        29       512     0.636     0.593     0.504     0.613      2.71      2.02      1.65
   274/299      7.4G     0.801     0.475    0.0248       1.3         8       512     0.636     0.593     0.505     0.613      2.71      2.02      1.65
   275/299      7.4G     0.788     0.483    0.0281       1.3        16       512     0.637     0.593     0.505     0.613      2.71      2.03      1.65
   276/299      7.4G     0.782      0.47    0.0302      1.28        14       512     0.636     0.592     0.505     0.612      2.71      2.03      1.65
   277/299      7.4G     0.793     0.473    0.0222      1.29        13       512     0.636     0.591     0.505     0.612      2.71      2.03      1.65
   278/299      7.4G     0.791     0.466     0.028      1.28        10       512     0.636     0.591     0.505     0.611      2.71      2.03      1.65
   279/299      7.4G     0.788     0.476    0.0251      1.29         6       512     0.636     0.591     0.504     0.611      2.71      2.03      1.65
   280/299      7.4G     0.788     0.473    0.0274      1.29        18       512     0.637      0.59     0.504     0.611      2.71      2.04      1.65
   281/299      7.4G     0.772     0.467    0.0223      1.26         4       512     0.637      0.59     0.504     0.611      2.71      2.04      1.66
   282/299      7.4G     0.775     0.463    0.0243      1.26        16       512     0.638     0.591     0.504     0.612      2.71      2.04      1.66
   283/299      7.4G     0.777     0.467    0.0246      1.27        12       512     0.638      0.59     0.504     0.612      2.71      2.04      1.66
   284/299      7.4G     0.778     0.464    0.0233      1.27        16       512     0.637      0.59     0.504     0.611      2.71      2.05      1.66
   285/299      7.4G     0.784     0.471    0.0228      1.28        28       512     0.637      0.59     0.504     0.611      2.71      2.05      1.66
   286/299      7.4G     0.763     0.459    0.0237      1.25        13       512     0.637     0.589     0.504     0.611      2.71      2.05      1.66
   287/299      7.4G     0.775     0.474    0.0251      1.27        20       512     0.637     0.589     0.503     0.611      2.71      2.05      1.66
   288/299      7.4G      0.77     0.468    0.0298      1.27        25       512     0.638     0.589     0.503     0.611      2.71      2.05      1.66
   289/299      7.4G     0.762     0.457    0.0255      1.24         1       512     0.638     0.589     0.504     0.611      2.71      2.06      1.66
   290/299      7.4G     0.758      0.46    0.0265      1.24         8       512     0.638     0.588     0.504     0.611      2.71      2.06      1.66
   291/299      7.4G     0.768     0.443    0.0239      1.23        42       512     0.638     0.588     0.504     0.611      2.71      2.06      1.66
   292/299      7.4G     0.763     0.455    0.0244      1.24        17       512     0.639     0.588     0.503     0.611      2.71      2.06      1.66
   293/299      7.4G     0.772     0.469    0.0287      1.27        12       512     0.639     0.588     0.504     0.611      2.71      2.06      1.66
   294/299      7.4G      0.76     0.457    0.0219      1.24         7       512     0.638     0.587     0.503      0.61      2.71      2.06      1.66
   295/299      7.4G     0.758     0.463    0.0268      1.25        21       512     0.639     0.587     0.503      0.61      2.71      2.07      1.67
   296/299      7.4G     0.766     0.464    0.0234      1.25        10       512     0.638     0.587     0.503      0.61      2.71      2.07      1.67
   297/299      7.4G     0.762     0.458    0.0244      1.24         6       512     0.638     0.586     0.503     0.609      2.71      2.07      1.67
   298/299      7.4G     0.771     0.466    0.0208      1.26        16       512     0.639     0.586     0.503     0.609      2.71      2.07      1.67
   299/299      7.4G     0.757     0.445    0.0228      1.22        13       512     0.639     0.586     0.502      0.61      2.71      2.07      1.67
